0.774458
0.577811
0.430631
0.598970
0.093213
0.562142
0.046910
0.533501
0.576991
0.309985
0.176115
0.604049
0.174937
0.896147
0.736803
0.696999
0.612080
0.196489
0.236327
0.539669
0.258253
0.869697
0.160158
0.273029
0.929167
0.383930
0.508966
0.180600
0.192633
0.627982
0.046770
0.261670
0.885602
0.447110
0.331624
0.615832
0.813438
0.722711
0.867084
0.291591
0.553485
0.014280
0.172658
0.212418
0.050398
0.958727
0.362239
0.538074
0.228854
0.499004
0.032065
0.746601
0.196357
0.029642
0.187876
0.373159
0.129033
0.905255
0.331807
0.646582
0.569104
0.679089
0.133304
0.794301
0.384523
0.407640
0.728365
0.003209
0.897744
0.375175
0.234016
0.530528
0.858527
0.425324
0.589855
0.248032
0.769936
0.517941
0.108313
0.608810
0.160238
0.206017
0.845860
0.172586
0.387481
0.013112
0.017660
0.078457
0.457264
0.515525
0.540229
0.268421
0.695081
0.640136
0.475673
0.537591
0.338079
0.888701
0.695369
0.204318
